0
0
0
0
1
2
2
3
3
4
4
5
6
6
6
6
6
6
6
6
6
1
2
2
3
3
4
4
6
6
6
6
6
6
5
6
6
6
7
8
9
1
11
12
13
14
15
16
17
18
19
20
21
22
23
24
25
26
27
28
29
30
30
30
30
30
30
30
30
30
30
30
31
31
32
32
33
33
33
33
33
33
33
33
33
33
33
33
33
33
33
33
33
33
33
33
33
33
34
34
35
35
35
35
35
35
35
35
35
35
35
35
35
35
35
35
35
35
35
35
35
35
35
35
35
35
35
35
34
36
36
37
37
37
37
37
37
37
37
37
37
37
37
37
37
37
37
37
37
37
37
37
37
37
37
37
37
38
38
39
39
39
39
39
39
39
39
39
39
39
39
39
40
41
41
42
42
42
42
42
42
42
42
42
42
42
42
42
42
42
42
42
42
42
42
42
42
42
42
42
42
42
42
42
42
42
43
43
44
44
44
44
44
44
44
44
44
44
44
44
44
44
44
44
44
44
44
44
44
44
44
44
44
44
44
44
44
44
44
44
44
44
44
44
44
44
44
44
44
44
44
44
44
44
44
44
44
44
44
44
44
44
44
44
44
44
44
44
43
45
45
46
46
46
46
46
46
46
46
46
46
46
46
46
46
46
46
46
46
46
46
46
46
46
46
46
46
46
46
46
46
46
46
46
46
46
46
46
46
46
46
46
46
46
47
47
48
48
48
48
48
48
48
48
48
48
48
48
48
47
49
49
50
50
50
50
50
50
50
50
50
50
50
50
50
50
50
50
50
50
50
50
50
51
52
53
54
55
56
57
57
57
57
57
57
57
57
57
58
58
58
59
59
60
60
61
61
62
63
63
64
64
65
65
66
66
66
66
67
68
69
70
71
72
73
74
75
76
77
78
79
80
81
82
83
84
1
85
85
85
85
0
0
0
0
0
0
0
0
0
0
0
0
0
0
0
0
0
0
0
86
86
87
87
88
88
89
89
90
90
90
90
90
90
91
92
93
94
0
0
0
0
0
0
0
0
0
0
0
0
0
0
0
0
0
0
0
0
0
0
0
0
0
0
0
0
0
0
0
0
0
0
0
0
0
0
0
0
0
0
0
0
0
0
0
0
0
0
0
0
0
0