0
0
0
0
1
2
3
4
5
6
3
4
5
6
3
4
5
6
3
4
5
6
3
4
5
6
3
4
5
6
3
4
5
6
1
7
7
8
8
8
8
8
8
8
8
8
8
8
8
8
8
8
8
8
8
8
8
8
8
8
8
8
8
9
10
11
12
13
14
11
12
13
14
11
12
13
14
11
12
15
16
16
17
17
17
17
17
17
17
17
17
17
17
17
17
17
17
17
17
17
17
17
17
17
17
17
17
17
17
17
17
17
17
18
19
20
21
22
23
20
21
22
23
20
21
22
23
20
21
22
23
20
21
22
23
20
21
22
23
20
21
22
23
20
21
22
23
20
21
22
23
20
21
22
23
20
21
22
23
20
21
22
23
20
21
22
23
20
21
22
23
20
21
22
23
18
24
24
25
25
25
25
25
25
25
25
25
25
25
25
25
25
25
25
25
25
25
25
25
25
25
25
25
25
25
25
25
25
25
25
25
25
25
25
25
25
25
25
25
25
25
26
27
28
29
30
31
28
29
30
31
28
29
30
31
28
26
32
32
33
33
33
33
33
33
33
33
33
33
33
33
33
33
33
33
33
33
33
33
33
34
35
36
37
38
39
40
41
42
43
44
45
42
43
0
0